1110 ’ 11011011101011. 1το

1111110100111,511.1001001101195. 115. 1101001001 superiores, 0001 111) 101.1111.01011111111011110011
0101101001101110101. 50. 11 comites 0101101, 591, 0. serviebat. 191. - sltem 0011110111·
11001111111, 11, 101, ιι. 10 regal! 111011 111101 1111110110, 01110. 0111,050. 1100101111 mentun. 511.

1110110101. ι1001ιο110, 511. Eorum 1111011111011, 1190. Ecclesia 11111111 misero 00111, 110.

0110011, 510, n. 000010100591. 111- 0001110-1101011110111001100001 110- Direptum 110111,055,190,101,1101,

111101οι11, 100. 11111100101015010111- 0101 1111111111, 111. 801, 8115, 801, 101111, 1011. 1111101 011-

111, 111. *11011115111111 01511111.110111011115· 1110151.111·11“3·115.11’.1

511, ιι. chlotarii 01010101, 115. chan· 11101001 11011001. 001010101100000001,1110.-111011-

1111101, 1011. 1100οι0 01111010.110. 9101 000101, 1111110111,510.10010111,151,1.10-

0 ⁰· ....
. ιι . , ; . .
110011011101010000 01011, 10111011 5151. ’ ’ ΕεοΙε1111110101110,550.

01111 1111011001ιο11,851. 00111, 110. 00100000 pontes. 515. 11001011 110010οη011 temporo 111011

Non 1101011101010111110 comedere, [1111091. 0111111111 01111,10.11110011010

111, 0. 1001101111 11110111001011, 11011010101101101,551,0. patricius, 0,0.11111101111100,11.

055. 010001111101101111111111 inter· 1110011101010 castrum 0100. 11001011, 111.

1001, 1091. 1111111101 110011, 10051110 1110110111 01110011110111111, 01. 50110111 defectio, 1001. 10110195,

0111011101100001010 1001101110001, 1110110111 Arelatensis, 151. 910110· 000.00111,50,515,001,005.

110. sanctificanda. 10051519. 11110 1111110101,111, 101, n. insidiatur 100111110101100111010,191,590,

1101101101001101111,510,1151,11190, Theodoro 00101000,Ἇο11101111., 1111. 1199,1181.1(“.111000100 011110,95.Εη1

1101, 1100, 1010, 1055, 1015. 101 0011010011011001111, 150. 100 0001111000, 500. 101 10000111

0 1101, 1158. 1181. 111 1 conjugio 111011111101110110100,11. 101000000111,191.00011011101111101·

10001011051011101111110101· 01101ιο0001110111100111111111101, 01110, 550. 0100011111 1111111011, 11-

0101101010101101101,1051. 1051, 1010. 1100111001 .

1101010101 0111011001. 1100. 0001110111 1111100001 1110110111 1111
1101010101 10 11011, 0111110 111001, E 1111111001, 01. 11111001ήο1, 110010-

110, 0. 1111,11110111,110.01111111,101, 1.,
1101010101 011110 1001001001ἱο 011111 110011110001101111 01001,111,0. 109.

10011110... 0.. 1000000500» 111· 00010* “²³⁰⁸‘' ⁸⁰⁸·
1101010101 101101000011 01111101, n· ⁹ ⁸ ⁹ 1001111018 rin, 150.

me, 1010, 0011111111 cubicularius, 515, 551, 1100000011, 01. ⁸
0001010011101101,100. 555. 11101101,510.11101 0100101511, 11000011 11111, 101.
nmmum [1100110111 amandi, 5111.000101111,551.1011010011011101 11110ιο, 100 Esau, 11.

00, 1100111501, n. [101001011101011151511101.

1100101101 1110000011 50011011001111, 1098. 1110000101 101110001111110111,

1100111101 1100110111 10110001 11111, 00011001000111110111,600, n· , 910, 051.

15111, n, 0000011111 dux, 151. Pacem 1οι1 011011 (S.) 00010110, 1591.

000111011101101001 1100100509, 0010101111105101100100111- 100001 ’1111 011010,ι11.01011

.’ uia 0011111111, 195. utriusque 0111111, 00, 0. 011110ιο1

Domum 1010111111, 1101110111 10011 510011 10101081, 0011001 1111000001, 015001011011110-

Donum mmyr Lugduni, 119, 0. n. , 1110 11001 11111101 110010 11011100,

1101001100υο 11010001111111101. 0010000011 111100,001.1111,100. 1001, 1001, n. 1091100000 rex, 00,
1101011101 1 111010 11111100 111111, 110100110011110110001,1100001001, 551.111011010101001110111110οῑ010101.

111100. 95ος 01101111, 151, em Emeritos, 111, 551. 91030011111101555. 1011·
1100111011 relicta 0011011111, 105 15011. tur, 551.

0101011000111. 0010011110 urbs, 185, 101, 101, Ες101110001000111010110111,101
1101100101 0011010011, 591. 110 - 151, 0., 115. 0108011001000100111,

011001111000000112100101011111, 111110 11111 e.
191, 1011011101111111. 1111111111,010., 501,1 ,1110111001111111101111 111,1511000101001110111100011111·
155, 0. 111010οι1 0000001100 recu· 191. alensis, 1110. 1101010111111100011,
m 0101, 010111101111111110, 1501. 0010010011010011001011101.151. 511, 1110110010οΜ, 501, 510.
gomanum 11011110οᾚ1 00800101, 00,·1. ι11520001111010 1101111100 00111101, 101001οι00 ὅῗέἶξαιὲιςιῑιιιικ 511.Α Cu!
³0.⁷31'331ff1353·{es‘,⁵{s{!'ffi01: 10100,0111011011010,1. 1111Ιῖ111110·ὶὲ1111115111111Ῡ10

inopus 17111οο1εο111. 110, n. Promotum 01101001 010101·

111, 1001. Apud 1110001,101 omo· 11111010011011010011110111111, 1555 00101110 1110100011 1111110011, 511,
1111011511001011111. 1011001, 001. 9010011111οι 10111011, 515.(0001101110015,1100011110110..
[1001051001011111101,111,150,1155. 0110110101, 001. 0001111101, 000. 51110111100011011, 155.
1010101100001. ,Messa 1010111110 101001, 11101111 Egressus 1111110010 ex AEssypw.
1101101000 010011011010,055,0. 1111 ι111,110.,1111. Eius typus 10 15.
1100101111 martyr 1110100111, 190. 11108. 10111091101011011101111, 1110111 00000111.
11111 01111101,191. 51. 1111011110 010111 1001001111, 511, 1111011 0011101111 0111111001, 151.
1100101010, 515. 1. 1011 1011100110 01001,οι perfectio 11111 numentum 1501.
Donatus medicus, 115, n. 10 psalmis 0111001101, 1151. 11111111 Elaver 1111111, 111, 0.
1101111110 01111101, 011. schismatibus 01 0111011011 1101111, 11. 11101111, 10. .
000111111110100 100011 155, Ρ11010111,11. 0101011011111001 011011,1111011011101,101001101
010. 1111111010111100001110111, 011000110010111111000101110101 1110101001, 115..
1181, 0111110 5110110001111110,10- 110111 martyrum 11 1100101110 1111011- flectiones. 1100 1101100011.
mm 01110111, 1109 et 1101. bus. 551. - Ecclesia 101 11111, 111. 0111101101 11ιιι, 000, 1191, 1101.
- 1)0101101100111001,οῑ15. 101, 910. 1001101111,101,105, 105, 00001001110,1101,1111.50111011, ,
1101010011 1110101511, 558, 501,1. 1.,51.1100110110110001101110115.11.110111111,908,959,991,911.110· .
110111 1010111111,15”)0,1551. 1101110 1101110011 11001157. 11111011110101. cmm,
10 mos 0000101110, 010.,191, 0. 0111 1011100 1, 501- 1100101111 0101101- menumquam, 1011.
00,, flumen, 011, 100. 901, 1100. Ab 10111000. 1015. 111- 1111001011 supr· 101111 01011110.
omnum 11101, 119, 0101110, 1101. 0101οι000, 10., 55. 51001011101101111 1001010100,
0110011111, 510. Dux, 150. 0011, 1110111 10111010111, 1515. Ac 011110- 1511, 1501. ’
235, 111 1011111111015. 011101011101111 1111101100, 10.
flammicam, 1515. 11111 01010100010111110 11101111. 111111 vates, 59, 518
010110ιο11ιο111131001101101101 105. 00111111011101,1ι.,01.0111,00 0111101111οι1 0110101010 unctorum
2570, 0001111011, 151. —Ecclesia 111ομ1011 11110101 et 01111100011151,1. sm!
0010111101.101.111111101·,105. 1111111000 1101111, 151, 508. 1011011011, 01011101, 1510.
1101001101111010,1111111’100101, 11095110, 5⁸. 1101111101 10101 11111111101001111011.
1101010111 dux, 010. 0011, 011. 1010110,191.11111011111110111,5 1,111, 01111111 mortum 11101111,10,101,
imo (1010011001 111111, 081 1110. 101 sepultus sceleratus, 00110511, 100.
1101100011, 1550. 101.-0011011100 011101 1001101111. 1111011. 10.
1,,11, 001101, 515, u. 0110101110, 101, 551, 0., 5 0, 0., 0101111011 marm 10101001. 711·
⁴ 0100100010101100111101011101011011, 1051. 011. 1190010111 110101. 00. 111- 0101111,001110011101011111·

 

